NAME : amtsp
TYPE : ATSP
DIMENSION : 13
EDGE_WEIGHT_TYPE : EXPLICIT
EDGE_WEIGHT_FORMAT : FULL_MATRIX
EDGE_WEIGHT_SECTION
100000 -100000 100000 100000 100000 100000 100000 100000 100000 100000 100000 100000 100000 
100000 100000 1991 -196 326 -44 1655 423 517 1788 2049 2090 1866 
0 0 100000 559 537 409 296 558 347 300 336 543 520 
0 0 559 100000 -330 -345 -139 -184 -286 387 575 663 572 
0 0 537 -330 100000 256 -222 -351 -305 489 676 764 669 
0 0 409 -345 256 100000 -197 -116 -347 234 422 507 416 
0 0 296 -139 -222 -197 100000 -250 -345 393 515 699 629 
0 0 558 -184 -351 -116 -250 100000 -217 577 765 850 761 
0 0 347 -286 -305 -347 -345 -217 100000 296 485 571 502 
0 0 300 387 489 234 393 577 296 100000 -311 -190 -263 
0 0 336 575 676 422 515 765 485 -311 100000 -294 -239 
0 0 543 663 764 507 699 850 571 -190 -294 100000 -337 
0 0 520 572 669 416 629 761 502 -263 -239 -337 100000 
