NAME : amtsp
TYPE : ATSP
DIMENSION : 18
EDGE_WEIGHT_TYPE : EXPLICIT
EDGE_WEIGHT_FORMAT : FULL_MATRIX
EDGE_WEIGHT_SECTION
100000 -100000 100000 100000 100000 100000 100000 100000 100000 100000 100000 100000 100000 100000 100000 100000 100000 100000 
100000 100000 1614 2195 2667 2569 -284 -211 -273 1802 1618 1757 1937 2426 2682 2800 2903 3039 
0 0 100000 2055 2621 2776 555 354 350 358 420 523 558 2837 3055 3261 3436 3628 
0 0 2055 100000 397 588 2425 2259 2050 557 510 371 358 1991 2103 2394 2654 2919 
0 0 2621 397 100000 410 2928 2793 2575 2156 2086 1882 1861 1861 1853 2167 2456 2742 
0 0 2776 588 410 100000 2864 2805 2581 2390 2237 2060 2132 363 340 562 1874 2159 
0 0 555 2425 2928 2864 100000 -291 -231 826 819 944 1025 2730 2987 3102 3198 3324 
0 0 354 2259 2793 2805 -291 100000 -345 1369 928 1434 1519 2742 2988 3140 3267 3420 
0 0 350 2050 2575 2581 -231 -345 100000 1276 1183 1302 1401 2530 2772 2934 3072 3238 
0 0 358 557 2156 2390 826 1369 1276 100000 -326 -264 -296 2545 2731 2975 3188 3413 
0 0 420 510 2086 2237 819 928 1183 -326 100000 -355 -275 2343 2543 2772 2973 3191 
0 0 523 371 1882 2060 944 1434 1302 -264 -355 100000 -350 2211 2394 2641 2858 3090 
0 0 558 358 1861 2132 1025 1519 1401 -296 -275 -350 100000 2343 2505 2769 3001 3243 
0 0 2837 1991 1861 363 2730 2742 2530 2545 2343 2211 2343 100000 -317 -96 599 789 
0 0 3055 2103 1853 340 2987 2988 2772 2731 2543 2394 2505 -317 100000 -273 422 612 
0 0 3261 2394 2167 562 3102 3140 2934 2975 2772 2641 2769 -96 -273 100000 234 423 
0 0 3436 2654 2456 1874 3198 3267 3072 3188 2973 2858 3001 599 422 234 100000 -305 
0 0 3628 2919 2742 2159 3324 3420 3238 3413 3191 3090 3243 789 612 423 -305 100000 
