NAME : pairopt
TYPE : ACVRP
DIMENSION : 22
EDGE_WEIGHT_TYPE : EXPLICIT
EDGE_WEIGHT_FORMAT : FULL_MATRIX
CAPACITY : 2442
VEHICLES : 2
EDGE_WEIGHT_SECTION
100000 -100000 -100000 100000 100000 100000 100000 100000 100000 100000 100000 100000 100000 100000 100000 100000 100000 100000 100000 100000 100000 100000 
100000 100000 1000000 2701 2363 2349 -237 1576 -150 3099 2155 2029 493 1551 386 1677 -168 1557 1759 2602 1907 3566 
100000 1000000 100000 314 103 75 2312 2960 2588 1685 -234 -322 2755 2570 2820 2378 2725 2139 -122 312 -56 2197 
0 0 0 100000 252 270 2759 3360 3035 314 593 513 3136 2923 3240 2693 3162 2470 727 108 791 1949 
0 0 0 252 100000 119 2427 3028 2702 525 422 246 2811 2610 2904 2399 2824 2166 445 211 596 2184 
0 0 0 270 119 100000 2381 3043 2656 574 333 235 2840 2656 2901 2464 2800 2224 435 262 523 2112 
0 0 0 2759 2427 2381 100000 223 198 3185 2159 2073 190 814 41 869 346 745 1792 2682 1862 3498 
0 0 0 3360 3028 3043 223 100000 619 3714 2877 2730 198 407 199 622 418 825 2483 3241 2663 4310 
0 0 0 3035 2702 2656 198 619 100000 3459 2434 2347 217 824 -72 951 226 891 2066 2956 2134 3761 
0 0 0 314 525 574 3185 3714 3459 100000 1873 1916 3471 3232 3619 2971 3567 2771 2195 353 2197 1970 
0 0 0 593 422 333 2159 2877 2434 1873 100000 128 2692 2535 2716 2375 2595 2129 278 3 221 2237 
0 0 0 513 246 235 2073 2730 2347 1916 128 100000 2535 2367 2583 2199 2482 1955 202 -67 241 2398 
0 0 0 3136 2811 2840 190 198 217 3471 2692 2535 100000 211 294 425 511 634 2307 3012 2510 4130 
0 0 0 2923 2610 2656 814 407 824 3232 2535 2367 211 100000 504 215 622 340 2171 2791 2398 3964 
0 0 0 3240 2904 2901 41 199 -72 3619 2716 2583 294 504 100000 718 221 815 2319 3132 2475 4134 
0 0 0 2693 2399 2464 869 622 951 2971 2375 2199 425 215 718 100000 875 185 2047 2555 2292 3775 
0 0 0 3162 2824 2800 346 418 226 3567 2595 2482 511 622 221 875 100000 921 2205 3068 2321 3976 
0 0 0 2470 2166 2224 745 825 891 2771 2129 1955 634 340 815 185 921 100000 1801 2336 2047 3537 
0 0 0 727 445 435 1792 2483 2066 2195 278 202 2307 2171 2319 2047 2205 1801 100000 147 176 2628 
0 0 0 108 211 262 2682 3241 2956 353 3 -67 3012 2791 3132 2555 3068 2336 147 100000 785 2095 
0 0 0 791 596 523 1862 2663 2134 2197 221 241 2510 2398 2475 2292 2321 2047 176 785 100000 2460 
0 0 0 1949 2184 2112 3498 4310 3761 1970 2237 2398 4130 3964 4134 3775 3976 3537 2628 2095 2460 100000 
DEMAND_SECTION
1 0
2 0
3 0
4 23
5 45
6 5
7 14
8 320
9 213
10 1024
11 22
12 133
13 266
14 195
15 252
16 219
17 149
18 5
19 181
20 159
21 16
22 7
DEPOT_SECTION
1
EOF