NAME : pairopt
TYPE : ACVRP
DIMENSION : 14
EDGE_WEIGHT_TYPE : EXPLICIT
EDGE_WEIGHT_FORMAT : FULL_MATRIX
CAPACITY : 12138
VEHICLES : 2
EDGE_WEIGHT_SECTION
100000 -100000 -100000 100000 100000 100000 100000 100000 100000 100000 100000 100000 100000 100000 
100000 100000 1000000 3286 1578 2104 2007 1772 1748 1561 1957 2252 1888 1882 
100000 1000000 100000 2961 2590 2990 2991 2617 2719 2302 1888 2908 2939 2228 
0 0 0 100000 4287 5070 4991 4710 4733 4419 4009 5061 4752 4389 
0 0 0 4287 100000 897 664 893 665 1201 2647 2446 357 2415 
0 0 0 5070 897 100000 233 250 281 479 2349 405 646 775 
0 0 0 4991 664 233 100000 351 193 578 2517 639 412 865 
0 0 0 4710 893 250 351 100000 233 228 2013 403 661 516 
0 0 0 4733 665 281 193 233 100000 385 2276 589 414 746 
0 0 0 4419 1201 479 578 228 385 100000 634 482 800 381 
0 0 0 4009 2647 2349 2517 2013 2276 634 100000 2032 2757 1129 
0 0 0 5061 2446 405 639 403 589 482 2032 100000 2223 495 
0 0 0 4752 357 646 412 661 414 800 2757 2223 100000 2414 
0 0 0 4389 2415 775 865 516 746 381 1129 495 2414 100000 
DEMAND_SECTION
1 0
2 0
3 0
4 402
5 282
6 977
7 977
8 977
9 357
10 546
11 145
12 3966
13 3642
14 3908
DEPOT_SECTION
1
EOF