NAME : pairopt
TYPE : ACVRP
DIMENSION : 31
EDGE_WEIGHT_TYPE : EXPLICIT
EDGE_WEIGHT_FORMAT : FULL_MATRIX
CAPACITY : 27518
VEHICLES : 2
EDGE_WEIGHT_SECTION
100000 -100000 -100000 100000 100000 100000 100000 100000 100000 100000 100000 100000 100000 100000 100000 100000 100000 100000 100000 100000 100000 100000 100000 100000 100000 100000 100000 100000 100000 100000 100000 
100000 100000 1000000 2894 2843 2851 2918 2560 1843 1893 2124 502 1644 2119 1981 2133 2117 2763 1774 1914 2652 1783 2161 1752 1809 2103 2797 607 494 2088 1770 
100000 1000000 100000 3074 3022 3026 2583 2221 1853 1785 1982 437 504 1943 2058 1954 2288 2940 1596 1750 2830 1963 2297 1701 1938 2282 2954 530 377 2257 1940 
0 0 0 100000 233 466 1850 1914 3239 3770 4098 3284 3650 4209 2880 4228 697 171 3868 3972 400 814 2343 3452 2328 595 2039 3449 3527 669 915 
0 0 0 233 100000 233 466 568 3039 3622 3965 3144 3538 4133 2645 4168 595 400 3803 3873 171 712 860 3285 2447 496 633 3414 3457 771 819 
0 0 0 466 233 100000 233 351 2879 3510 3867 3050 3467 4093 2450 4143 496 633 3778 3812 171 811 760 3157 2626 598 399 3425 3433 859 749 
0 0 0 1850 466 233 100000 250 2769 3441 3806 3009 3442 4089 2312 4156 598 2039 3794 3791 400 912 663 3077 2850 687 171 3482 3454 2336 832 
0 0 0 1914 568 351 250 100000 2406 3070 3434 2634 3067 3715 1959 3782 337 2039 3422 3416 400 661 411 2708 2598 564 175 3119 3083 2143 578 
0 0 0 3239 3039 2879 2769 2406 100000 520 1876 878 1030 2299 316 2416 1003 3213 2117 1970 2788 1156 765 275 2726 1235 2550 1263 1021 2753 948 
0 0 0 3770 3622 3510 3441 3070 520 100000 245 1125 239 582 1584 666 2801 3698 545 351 3384 2680 2510 1045 2902 2948 3236 942 463 3112 2491 
0 0 0 4098 3965 3867 3806 3434 1876 245 100000 595 319 524 2343 601 3148 4012 444 231 3732 2993 2876 490 3120 3275 3603 1050 561 3392 2829 
0 0 0 3284 3144 3050 3009 2634 878 1125 595 100000 318 782 982 866 2327 3210 627 549 2911 2192 2096 334 2470 2461 2821 884 403 2634 2008 
0 0 0 3650 3538 3467 3442 3067 1030 239 319 318 100000 481 927 554 2734 3551 314 234 3314 2535 2536 353 2643 2829 3259 729 238 2917 2400 
0 0 0 4209 4133 4093 4089 3715 2299 582 524 782 481 100000 2733 113 3352 4082 255 263 3922 3091 3195 1003 3007 3403 3915 575 486 3394 3008 
0 0 0 2880 2645 2450 2312 1959 316 1584 2343 982 927 2733 100000 2837 818 2892 2511 2408 2389 970 429 630 2663 1058 2086 1370 1105 2549 746 
0 0 0 4228 4168 4143 4156 3782 2416 666 601 866 554 113 2837 100000 3401 4090 246 333 3964 3115 3276 908 2972 3431 3990 573 485 3388 3054 
0 0 0 697 595 496 598 337 1003 2801 3148 2327 2734 3352 818 3401 100000 739 3036 3076 420 329 408 2462 973 233 526 2688 2690 636 247 
0 0 0 171 400 633 2039 2039 3213 3698 4012 3210 3551 4082 2892 4090 739 100000 3736 3862 466 725 2393 3398 2110 513 2200 3302 3401 493 838 
0 0 0 3868 3803 3778 3794 3422 2117 545 444 627 314 255 2511 246 3036 3736 100000 213 3599 2753 2924 673 2657 3068 3633 393 246 3043 2688 
0 0 0 3972 3873 3812 3791 3416 1970 351 231 549 234 263 2408 333 3076 3862 213 100000 3653 2853 2885 595 2872 3155 3609 849 331 3202 2738 
0 0 0 400 171 171 400 400 2788 3384 3732 2911 3314 3922 2389 3964 420 466 3599 3653 100000 635 681 3042 2372 420 466 3226 3252 683 641 
0 0 0 814 712 811 912 661 1156 2680 2993 2192 2535 3091 970 3115 329 725 2753 2853 635 100000 639 2391 594 216 831 2350 2410 382 237 
0 0 0 2343 860 760 663 411 765 2510 2876 2096 2536 3195 429 3276 408 2393 2924 2885 681 639 100000 2144 2506 642 493 2677 2598 2217 452 
0 0 0 3452 3285 3157 3077 2708 275 1045 490 334 353 1003 630 908 2462 3398 673 595 3042 2391 2144 100000 2729 2637 2870 1037 576 2859 2169 
0 0 0 2328 2447 2626 2850 2598 2726 2902 3120 2470 2643 3007 2663 2972 973 2110 2657 2872 2372 594 2506 2729 100000 700 2852 1265 1341 420 825 
0 0 0 595 496 598 687 564 1235 2948 3275 2461 2829 3403 1058 3431 233 513 3068 3155 420 216 642 2637 700 100000 730 2672 2723 402 319 
0 0 0 2039 633 399 171 175 2550 3236 3603 2821 3259 3915 2086 3990 526 2200 3633 3609 466 831 493 2870 2852 730 100000 3348 3299 2383 752 
0 0 0 3449 3414 3425 3482 3119 1263 942 1050 884 729 575 1370 573 2688 3302 393 849 3226 2350 2677 1037 1265 2672 3348 100000 473 2594 2340 
0 0 0 3527 3457 3433 3454 3083 1021 463 561 403 238 486 1105 485 2690 3401 246 331 3252 2410 2598 576 1341 2723 3299 473 100000 2721 2342 
0 0 0 669 771 859 2336 2143 2753 3112 3392 2634 2917 3394 2549 3388 636 493 3043 3202 683 382 2217 2859 420 402 2383 2594 2721 100000 619 
0 0 0 915 819 749 832 578 948 2491 2829 2008 2400 3008 746 3054 247 838 2688 2738 641 237 452 2169 825 319 752 2340 2342 619 100000 
DEMAND_SECTION
1 0
2 0
3 0
4 991
5 991
6 991
7 991
8 991
9 253
10 977
11 935
12 175
13 825
14 76
15 334
16 538
17 977
18 3966
19 782
20 972
21 3966
22 670
23 3704
24 938
25 850
26 977
27 3966
28 327
29 888
30 3886
31 739
DEPOT_SECTION
1
EOF