NAME : pairopt
TYPE : ACVRP
DIMENSION : 17
EDGE_WEIGHT_TYPE : EXPLICIT
EDGE_WEIGHT_FORMAT : FULL_MATRIX
CAPACITY : 6123
VEHICLES : 2
EDGE_WEIGHT_SECTION
100000 -100000 -100000 100000 100000 100000 100000 100000 100000 100000 100000 100000 100000 100000 100000 100000 100000 
100000 100000 1000000 3063 2793 3018 2760 2948 2855 2663 2892 2701 2892 2908 2387 2546 3023 
100000 1000000 100000 2774 2584 3105 2988 3122 2766 2520 2849 2887 3027 2768 2396 2681 2837 
0 0 0 100000 5049 4880 270 234 5070 4919 5051 302 440 5161 4496 576 5286 
0 0 0 5049 100000 2754 4752 4906 1345 1098 1537 4670 4803 1139 1639 4459 998 
0 0 0 4880 2754 100000 4548 4900 848 2307 642 4642 4942 2321 630 4618 2671 
0 0 0 270 4752 4548 100000 322 4749 4608 4725 258 527 4848 4169 480 4982 
0 0 0 234 4906 4900 322 100000 4992 4811 4996 194 205 5056 4453 383 5156 
0 0 0 5070 1345 848 4749 4992 100000 353 206 4739 4947 229 456 4601 462 
0 0 0 4919 1098 2307 4608 4811 353 100000 1251 4564 4739 965 1354 4392 1100 
0 0 0 5051 1537 642 4725 4996 206 1251 100000 4740 4973 436 422 4629 669 
0 0 0 302 4670 4642 258 194 4739 4564 4740 100000 358 4809 4195 291 4915 
0 0 0 440 4803 4942 527 205 4947 4739 4973 358 100000 4987 4443 242 5063 
0 0 0 5161 1139 2321 4848 5056 229 965 436 4809 4987 100000 711 4640 233 
0 0 0 4496 1639 630 4169 4453 456 1354 422 4195 4443 711 100000 4102 922 
0 0 0 576 4459 4618 480 383 4601 4392 4629 291 242 4640 4102 100000 4718 
0 0 0 5286 998 2671 4982 5156 462 1100 669 4915 5063 233 922 4718 100000 
DEMAND_SECTION
1 0
2 0
3 0
4 947
5 319
6 145
7 500
8 977
9 934
10 243
11 350
12 345
13 730
14 977
15 107
16 610
17 977
DEPOT_SECTION
1
EOF