NAME : pairopt
TYPE : ACVRP
DIMENSION : 16
EDGE_WEIGHT_TYPE : EXPLICIT
EDGE_WEIGHT_FORMAT : FULL_MATRIX
CAPACITY : 13611
VEHICLES : 2
EDGE_WEIGHT_SECTION
100000 -100000 -100000 100000 100000 100000 100000 100000 100000 100000 100000 100000 100000 100000 100000 100000 
100000 100000 1000000 -252 3961 3674 3982 3704 4051 4181 3938 4447 4536 4271 4636 4857 
100000 1000000 100000 3344 2326 2101 2130 1959 2020 2024 1720 2233 2716 2057 2546 2646 
0 0 0 100000 4276 3990 4305 4025 4378 4509 4262 4769 4854 4597 4964 5183 
0 0 0 4276 100000 194 233 246 461 713 2239 2551 430 2201 749 2479 
0 0 0 3990 194 100000 295 154 535 777 2174 2558 624 2211 808 2578 
0 0 0 4305 233 295 100000 205 229 480 1904 2201 431 1851 530 2155 
0 0 0 4025 246 154 205 100000 389 641 1948 2330 588 1984 752 2372 
0 0 0 4378 461 535 229 389 100000 253 573 710 513 473 423 744 
0 0 0 4509 713 777 480 641 253 100000 373 469 732 245 399 495 
0 0 0 4262 2239 2174 1904 1948 573 373 100000 361 2327 246 770 680 
0 0 0 4769 2551 2558 2201 2330 710 469 361 100000 2461 237 731 410 
0 0 0 4854 430 624 431 588 513 732 2327 2461 100000 2144 466 2200 
0 0 0 4597 2201 2211 1851 1984 473 245 246 237 2144 100000 528 424 
0 0 0 4964 749 808 530 752 423 399 770 731 466 528 100000 466 
0 0 0 5183 2479 2578 2155 2372 744 495 680 410 2200 424 466 100000 
DEMAND_SECTION
1 0
2 0
3 0
4 142
5 977
6 494
7 975
8 200
9 903
10 721
11 92
12 813
13 3966
14 927
15 3966
16 3966
DEPOT_SECTION
1
EOF