NAME : pairopt
TYPE : ACVRP
DIMENSION : 52
EDGE_WEIGHT_TYPE : EXPLICIT
EDGE_WEIGHT_FORMAT : FULL_MATRIX
CAPACITY : 9951
VEHICLES : 2
EDGE_WEIGHT_SECTION
100000 -100000 -100000 100000 100000 100000 100000 100000 100000 100000 100000 100000 100000 100000 100000 100000 100000 100000 100000 100000 100000 100000 100000 100000 100000 100000 100000 100000 100000 100000 100000 100000 100000 100000 100000 100000 100000 100000 100000 100000 100000 100000 100000 100000 100000 100000 100000 100000 100000 100000 100000 100000 
100000 100000 1000000 2949 3110 3297 2974 3125 2986 2813 2583 2552 2220 2095 1617 1842 1806 -334 1790 266 1808 1553 542 2516 491 -182 379 2756 388 1809 1975 2580 463 2519 1685 453 1793 1984 1704 2621 2230 2469 2702 2281 1717 2006 1796 2276 519 444 1828 2741 
100000 1000000 100000 1957 2000 2122 1805 1911 1749 1599 439 534 -172 16 2720 2902 2719 2037 2389 1830 3043 2506 2478 1703 1981 2197 2054 1920 1661 2553 3174 2564 2658 2305 2787 2505 2746 2774 2899 2797 2857 2925 3023 2082 582 167 174 2187 1752 446 485 2444 
0 0 0 100000 221 417 331 507 649 832 863 2299 2160 2345 3739 3947 3810 3033 3527 2876 3860 3086 3553 341 3108 3236 3141 216 2753 2957 4122 2299 3408 1983 3424 3181 3257 3143 3631 2619 3063 2960 2904 1944 2363 979 2099 3320 2317 2380 774 3502 
0 0 0 221 100000 197 185 289 509 714 733 2187 2125 2325 3872 4070 3909 3169 3589 2990 4058 3322 3660 531 3179 3357 3239 419 2845 3219 4284 2610 3617 2292 3656 3401 3508 3412 3846 2929 3351 3262 3213 2239 2421 1040 2185 3293 2531 2508 2136 3422 
0 0 0 417 197 100000 217 197 417 623 752 2161 2176 2382 4033 4221 4040 3336 3692 3144 4268 3563 3800 717 3296 3513 3376 613 2982 3477 4466 2897 3836 2579 3892 3630 3758 3675 4070 3215 3625 3544 3500 2519 2540 916 2334 3322 2763 2680 2364 3399 
0 0 0 331 185 217 100000 180 326 531 554 1931 1889 2093 3710 3900 3723 3013 3384 2822 3949 3258 3481 517 2982 3191 3057 525 2663 3188 4142 2694 3519 2374 3584 3319 3460 3392 3755 3005 3361 3304 3284 2279 2225 704 2012 3051 2454 2357 2055 3168 
0 0 0 507 289 197 180 100000 222 423 565 1876 1917 2124 3830 4010 3815 3145 3450 2941 4116 3460 3582 691 3064 3309 3158 704 2768 3407 4281 2943 3698 2623 3778 3508 3669 3614 3936 3254 3595 3547 3533 2524 2318 800 2138 3047 2654 2500 2257 3112 
0 0 0 649 509 417 326 222 100000 223 347 564 628 774 3644 3812 3599 2979 3212 2763 3991 3400 3377 806 2843 3124 2957 823 2576 3386 4114 3054 3595 2739 3703 3425 3624 3601 3836 3352 3617 3604 3621 2603 1682 758 873 2760 2601 2360 2222 2804 
0 0 0 832 714 623 531 423 223 100000 176 330 451 546 3417 3572 3343 2780 2938 2554 3822 3303 3134 872 2588 2903 2721 901 2356 3330 3903 3138 3451 2835 3586 3304 3539 3550 3693 3418 3601 3625 3675 2666 1540 657 792 2448 2529 2203 2182 2482 
0 0 0 863 733 752 554 565 347 176 100000 268 286 433 3200 3360 3140 2554 2748 2331 3592 3075 2924 742 2384 2684 2507 874 2135 3109 3682 2972 3219 2678 3356 3074 3313 3330 3461 3241 3391 3428 3491 2492 1391 513 623 2315 2307 1972 1973 2411 
0 0 0 2299 2187 2161 1931 1876 564 330 268 100000 266 331 3062 3197 2949 2478 2523 2245 3545 3142 2759 2237 2207 2567 2365 2395 2037 3227 3566 3240 3217 2962 3389 3107 3390 3448 3455 3487 3550 3625 3719 2755 1359 666 673 1991 2435 1998 2163 2039 
0 0 0 2160 2125 2176 1889 1917 628 451 286 266 100000 157 2796 2952 2730 2168 2341 822 3223 2782 2515 1995 795 2284 917 2189 680 2863 3285 2917 2875 2654 3037 2755 3029 3084 3116 3150 3188 3270 3374 2433 1135 485 609 1969 2071 682 977 2153 
0 0 0 2345 2325 2382 2093 2124 774 546 433 331 157 100000 2619 2767 2535 2020 2138 713 3086 2710 2328 2141 686 2115 809 2349 570 2823 3117 2983 2762 2739 2943 2663 2961 3042 2999 3197 3171 3280 3405 2506 1060 731 508 1775 2055 640 876 1999 
0 0 0 3739 3872 4033 3710 3830 3644 3417 3200 3062 2796 2619 100000 158 256 549 515 716 550 2062 231 3320 668 434 543 3563 862 2389 373 3340 634 3315 1947 1859 2209 2486 632 3327 2788 3082 3349 3085 2321 2751 2499 2311 2346 2164 2638 2770 
0 0 0 3947 4070 4221 3900 4010 3812 3572 3360 3197 2952 2767 158 100000 205 663 543 764 605 2277 308 3535 697 507 571 3779 848 2607 357 3569 781 3545 2137 2074 2411 2694 780 3552 3000 3297 3568 3314 2494 2949 2689 2348 2573 2367 2856 2786 
0 0 0 3810 3909 4040 3723 3815 3599 3343 3140 2949 2730 2535 256 205 100000 575 336 676 1553 2377 187 3422 513 422 485 3667 763 2697 1334 3583 1610 3523 2298 2181 2546 2814 1670 3601 3108 3389 3648 3282 2300 2796 2523 2046 2528 2236 2764 2480 
0 0 0 3033 3169 3336 3013 3145 2979 2780 2554 2478 2168 2020 549 663 575 100000 559 -330 1023 661 387 2619 -139 154 -286 2863 -184 2023 939 2776 581 2696 760 584 843 2193 702 2829 2444 2684 2916 2452 1669 2049 1807 2083 1698 464 1944 2554 
0 0 0 3527 3589 3692 3384 3450 3212 2938 2748 2523 2341 2138 515 543 336 559 100000 537 2275 2498 300 3180 296 409 347 3423 550 2787 2038 3529 2229 3417 2510 2326 2709 2942 2379 3600 3209 3458 3692 3166 1969 2509 2228 556 2423 2012 2572 2035 
0 0 0 2876 2990 3144 2822 2941 2763 2554 2331 2245 822 713 716 764 676 -330 537 100000 2102 1911 489 2483 277 256 194 2729 148 2141 2151 2775 1823 2659 2051 1794 2156 2330 2046 2865 2555 2768 2981 2408 1229 1869 564 820 1666 362 1835 2379 
0 0 0 3860 4058 4268 3949 4116 3991 3822 3592 3545 3223 3086 550 605 1553 1023 2275 2102 100000 642 762 3401 2271 929 2062 3623 2311 1991 374 3071 341 3143 419 517 617 1992 213 2965 2302 2621 2907 2960 2720 2991 2801 3012 2345 2430 2727 3485 
0 0 0 3086 3322 3563 3258 3460 3400 3303 3075 3142 2782 2710 2062 2277 2377 661 2498 1911 642 100000 2166 2619 2260 1061 2072 2819 2074 231 2135 2182 318 2258 229 143 181 312 432 2100 528 1820 2091 2089 2320 2373 2275 3028 584 1945 2003 3491 
0 0 0 3553 3660 3800 3481 3582 3377 3134 2924 2759 2515 2328 231 308 187 387 300 489 762 2166 100000 3159 393 237 299 3405 576 2476 607 3328 711 3261 2130 1977 2354 2608 835 3357 2893 3164 3416 3019 2064 2542 2274 1979 2264 1975 2498 2441 
0 0 0 341 531 717 517 691 806 872 742 2237 1995 2141 3320 3535 3422 2619 3180 2483 3401 2619 3159 100000 2757 2832 2761 180 2387 2496 3681 1952 2946 1635 2958 2716 2792 2686 3167 2258 2626 2554 2535 1528 2053 712 1770 3085 1856 1987 490 3339 
0 0 0 3108 3179 3296 2982 3064 2843 2588 2384 2207 795 686 668 697 513 -139 296 277 2271 2260 393 2757 100000 304 154 3000 249 2512 2181 3152 2092 3020 2351 2119 2496 2692 2290 3249 2930 3151 3366 2767 1306 2089 792 572 2040 539 2156 2054 
0 0 0 3236 3357 3513 3191 3309 3124 2903 2684 2567 2284 2115 434 507 422 154 409 256 929 1061 237 2832 304 100000 -347 3077 -116 2201 783 2999 711 2924 893 713 972 2355 831 3043 2623 2877 3118 2681 1801 2236 1979 2001 1926 615 2163 2477 
0 0 0 3141 3239 3376 3057 3158 2957 2721 2507 2365 917 809 543 571 485 -286 347 194 2062 2072 299 2761 154 -347 100000 3006 280 2339 2002 3049 1883 2943 2145 1921 2301 2510 2077 3123 2760 2995 3222 2693 1360 2125 823 774 1945 553 2121 2264 
0 0 0 216 419 613 525 704 823 901 874 2395 2189 2349 3563 3779 3667 2863 3423 2729 3623 2819 3405 180 3000 3077 3006 100000 2632 2670 3916 1990 3165 1672 3160 2928 2978 2849 3380 2309 2758 2649 2593 1636 2288 863 2008 3307 2080 2232 668 3541 
0 0 0 2753 2845 2982 2663 2768 2576 2356 2135 2037 680 570 862 848 763 -184 550 148 2311 2074 576 2387 249 -116 280 2632 100000 2275 2347 2805 2023 2657 2240 1975 2323 2475 2251 2925 2679 2870 3064 2403 1102 1734 506 686 1697 289 1782 2232 
0 0 0 2957 3219 3477 3188 3407 3386 3330 3109 3227 2863 2823 2389 2607 2697 2023 2787 2141 1991 231 2476 2496 2512 2201 2339 2670 2275 100000 2456 860 1574 922 432 377 234 157 1683 783 338 542 733 788 2443 2382 2342 3258 543 2060 1964 3708 
0 0 0 4122 4284 4466 4142 4281 4114 3903 3682 3566 3285 3117 373 357 1334 939 2038 2151 374 2135 607 3681 2181 783 2002 3916 2347 2456 100000 3508 624 3542 1894 1939 2193 2486 577 3433 2799 3115 3399 3336 2795 3174 2942 2822 2647 2585 2992 3272 
0 0 0 2299 2610 2897 2694 2943 3054 3138 2972 3240 2917 2983 3340 3569 3583 2776 3529 2775 3071 2182 3328 1952 3152 2999 3049 1990 2805 860 3508 100000 2629 225 2485 2369 2210 835 2767 222 636 519 421 345 2711 2320 2470 3749 818 2415 782 4119 
0 0 0 3408 3617 3836 3519 3698 3595 3451 3219 3217 2875 2762 634 781 1610 581 2229 1823 341 318 711 2946 2092 711 1883 3165 2023 1574 624 2629 100000 2685 195 190 393 1631 174 2550 1941 2248 2527 2497 2378 2577 2414 2871 1891 2048 2281 3346 
0 0 0 1983 2292 2579 2374 2623 2739 2835 2678 2962 2654 2739 3315 3545 3523 2696 3417 2659 3143 2258 3261 1635 3020 2924 2943 1672 2657 922 3542 225 2685 100000 2586 2424 2338 895 2854 430 895 722 624 194 2501 2060 2242 3559 710 2247 658 3904 
0 0 0 3424 3656 3892 3584 3778 3703 3586 3356 3389 3037 2943 1947 2137 2298 760 2510 2051 419 229 2130 2958 2351 893 2145 3160 2240 432 1894 2485 195 2586 100000 198 999 1195 226 2365 1403 2022 2307 2427 2553 2675 2549 3131 1553 2196 2328 3605 
0 0 0 3181 3401 3630 3319 3508 3425 3304 3074 3107 2755 2663 1859 2074 2181 584 2326 1794 517 143 1977 2716 2119 713 1921 2928 1975 377 1939 2369 190 2424 198 100000 261 454 306 2301 673 2023 2295 2240 2272 2399 2266 2896 637 1913 2067 3365 
0 0 0 3257 3508 3758 3460 3669 3624 3539 3313 3390 3029 2961 2209 2411 2546 843 2709 2156 617 181 2354 2792 2496 972 2301 2978 2323 234 2193 2210 393 2338 999 261 100000 206 401 2072 421 1722 2008 2203 2571 2602 2518 3269 731 2194 2212 3734 
0 0 0 3143 3412 3675 3392 3614 3601 3550 3330 3448 3084 3042 2486 2694 2814 2193 2942 2330 1992 312 2608 2686 2692 2355 2510 2849 2475 157 2486 835 1631 895 1195 454 206 100000 1679 719 217 421 629 877 2660 2601 2563 3450 698 2277 2179 3905 
0 0 0 3631 3846 4070 3755 3936 3836 3693 3461 3455 3116 2999 632 780 1670 702 2379 2046 213 432 835 3167 2290 831 2077 3380 2251 1683 577 2767 174 2854 226 306 401 1679 100000 2654 1991 2309 2595 2681 2617 2817 2656 3062 2116 2289 2510 3538 
0 0 0 2619 2929 3215 3005 3254 3352 3418 3241 3487 3150 3197 3327 3552 3601 2829 3600 2865 2965 2100 3357 2258 3249 3043 3123 2309 2925 783 3433 222 2550 430 2365 2301 2072 719 2654 100000 519 298 200 549 2893 2559 2675 3898 883 2564 2141 4293 
0 0 0 3063 3351 3625 3361 3595 3617 3601 3391 3550 3188 3171 2788 3000 3108 2444 3209 2555 2302 528 2893 2626 2930 2623 2760 2758 2679 338 2799 636 1941 895 1403 673 421 217 1991 519 100000 221 421 828 2805 2659 2668 3668 814 2426 2219 4111 
0 0 0 2960 3262 3544 3304 3547 3604 3625 3428 3625 3270 3280 3082 3297 3389 2684 3458 2768 2621 1820 3164 2554 3151 2877 2995 2649 2870 542 3115 519 2248 722 2022 2023 1722 421 2309 298 221 100000 200 705 2934 2707 2761 3861 874 2569 2265 4289 
0 0 0 2904 3213 3500 3284 3533 3621 3675 3491 3719 3374 3405 3349 3568 3648 2916 3692 2981 2907 2091 3416 2535 3366 3118 3222 2593 3064 733 3399 421 2527 624 2307 2295 2008 629 2595 200 421 200 100000 731 3081 2791 2883 4051 933 2733 2360 4463 
0 0 0 1944 2239 2519 2279 2524 2603 2666 2492 2755 2433 2506 3085 3314 3282 2452 3166 2408 2960 2089 3019 1528 2767 2681 2693 1636 2403 788 3336 345 2497 194 2427 2240 2203 877 2681 549 828 705 731 100000 2254 1837 2001 3308 520 1993 484 3660 
0 0 0 2363 2421 2540 2225 2318 1682 1540 1391 1359 1135 1060 2321 2494 2300 1669 1969 1229 2720 2320 2064 2053 1306 1801 1360 2288 1102 2443 2795 2711 2378 2501 2553 2272 2571 2660 2617 2893 2805 2934 3081 2254 100000 1172 989 1865 1700 1055 1324 2208 
0 0 0 979 1040 916 704 800 758 657 513 666 485 731 2751 2949 2796 2049 2509 1869 2991 2373 2542 712 2089 2236 2125 863 1734 2382 3174 2320 2577 2060 2675 2399 2602 2601 2817 2559 2659 2707 2791 1837 1172 100000 202 2394 1583 406 325 2677 
0 0 0 2099 2185 2334 2012 2138 873 792 623 673 609 508 2499 2689 2523 1807 2228 564 2801 2275 2274 1770 792 1979 823 2008 506 2342 2942 2470 2414 2242 2549 2266 2518 2563 2656 2675 2668 2761 2883 2001 989 202 100000 2143 1550 272 370 2462 
0 0 0 3320 3293 3322 3051 3047 2760 2448 2315 1991 1969 1775 2311 2348 2046 2083 556 820 3012 3028 1979 3085 572 2001 774 3307 686 3258 2822 3749 2871 3559 3131 2896 3269 3450 3062 3898 3668 3861 4051 3308 1865 2394 2143 100000 2666 2136 2644 342 
0 0 0 2317 2531 2763 2454 2654 2601 2529 2307 2435 2071 2055 2346 2573 2528 1698 2423 1666 2345 584 2264 1856 2040 1926 1945 2080 1697 543 2647 818 1891 710 1553 637 731 698 2116 883 814 874 933 520 1700 1583 1550 2666 100000 366 348 3071 
0 0 0 2380 2508 2680 2357 2500 2360 2203 1972 1998 682 640 2164 2367 2236 464 2012 362 2430 1945 1975 1987 539 615 553 2232 289 2060 2585 2415 2048 2247 2196 1913 2194 2277 2289 2564 2426 2569 2733 1993 1055 406 272 2136 366 100000 477 2531 
0 0 0 774 2136 2364 2055 2257 2222 2182 1973 2163 977 876 2638 2856 2764 1944 2572 1835 2727 2003 2498 490 2156 2163 2121 668 1782 1964 2992 782 2281 658 2328 2067 2212 2179 2510 2141 2219 2265 2360 484 1324 325 370 2644 348 477 100000 2993 
0 0 0 3502 3422 3399 3168 3112 2804 2482 2411 2039 2153 1999 2770 2786 2480 2554 2035 2379 3485 3491 2441 3339 2054 2477 2264 3541 2232 3708 3272 4119 3346 3904 3605 3365 3734 3905 3538 4293 4111 4289 4463 3660 2208 2677 2462 342 3071 2531 2993 100000 
DEMAND_SECTION
1 0
2 0
3 0
4 174
5 267
6 320
7 24
8 274
9 189
10 246
11 10
12 1063
13 2
14 36
15 23
16 314
17 304
18 73
19 1207
20 275
21 192
22 104
23 150
24 8
25 69
26 144
27 304
28 236
29 60
30 12
31 1021
32 167
33 4
34 246
35 304
36 205
37 302
38 244
39 226
40 239
41 181
42 245
43 320
44 12
45 75
46 203
47 86
48 19
49 33
50 1019
51 990
52 1026
DEPOT_SECTION
1
EOF