NAME : pairopt
TYPE : ACVRP
DIMENSION : 27
EDGE_WEIGHT_TYPE : EXPLICIT
EDGE_WEIGHT_FORMAT : FULL_MATRIX
CAPACITY : 3339
VEHICLES : 2
EDGE_WEIGHT_SECTION
100000 -100000 -100000 100000 100000 100000 100000 100000 100000 100000 100000 100000 100000 100000 100000 100000 100000 100000 100000 100000 100000 100000 100000 100000 100000 100000 100000 
100000 100000 1000000 1626 477 394 615 1594 1928 461 376 1699 -166 1800 -246 1994 -164 508 1596 1744 1906 405 1916 402 2117 1952 2735 
100000 1000000 100000 286 34 -88 309 -2 1661 -186 -291 1656 1777 2161 1754 2267 484 2114 2195 2275 2346 99 1899 1974 2478 2089 2145 
0 0 0 100000 277 727 108 791 314 584 505 381 1071 2008 962 2043 1101 2309 2262 2249 2233 246 521 2071 2296 700 1949 
0 0 0 277 100000 440 271 524 578 322 237 615 723 2174 720 2274 515 2148 2223 2297 2362 108 788 2002 2489 894 2109 
0 0 0 727 440 100000 147 176 2195 296 203 2102 429 2380 533 2555 160 1869 2129 2323 2496 -38 2345 1901 2700 2461 2628 
0 0 0 108 271 147 100000 785 353 587 432 350 956 1895 848 1953 986 2165 2117 2112 2111 184 518 1925 2193 626 2095 
0 0 0 791 524 176 785 100000 2197 236 228 2170 597 2548 702 2702 328 2121 2363 2537 2687 -23 2416 2133 2872 2571 2460 
0 0 0 314 578 2195 353 2197 100000 1855 1922 276 2388 1912 2262 1853 2245 2543 2380 2273 2161 527 324 2236 2136 537 1970 
0 0 0 584 322 296 587 236 1855 100000 122 1845 673 2304 670 2429 412 2109 2253 2370 2472 -200 2089 2024 2625 2268 2229 
0 0 0 505 237 203 432 228 1922 122 100000 1858 552 2235 549 2381 291 1951 2118 2258 2384 -243 2104 1888 2558 2250 2389 
0 0 0 381 615 2102 350 2170 276 1845 1858 100000 2150 512 1995 524 2092 2237 865 798 685 527 180 740 711 328 2317 
0 0 0 1071 723 429 956 597 2388 673 552 2150 100000 2094 161 2328 277 -175 535 758 2123 663 2357 433 2382 2351 3121 
0 0 0 2008 2174 2380 1895 2548 1912 2304 2235 512 2094 100000 1889 185 2256 1931 531 326 180 2024 525 521 216 332 3069 
0 0 0 962 720 533 848 702 2262 670 549 1995 161 1889 100000 2125 374 -241 440 608 1917 655 2189 282 2176 2160 3083 
0 0 0 2043 2274 2555 1953 2702 1853 2429 2381 524 2328 185 2125 100000 2454 2187 714 509 289 2124 419 702 197 220 3023 
0 0 0 1101 515 160 986 328 2245 412 291 2092 277 2256 374 2454 100000 94 809 915 2345 525 2327 644 2570 2400 2806 
0 0 0 2309 2148 1869 2165 2121 2543 2109 1951 2237 -175 1931 -241 2187 94 100000 330 552 1876 2061 2395 271 2161 2299 3433 
0 0 0 2262 2223 2129 2117 2363 2380 2253 2118 865 535 531 440 714 809 330 100000 223 423 2100 889 176 623 826 3411 
0 0 0 2249 2297 2323 2112 2537 2273 2370 2258 798 758 326 608 509 915 552 223 100000 222 2157 818 336 418 621 3379 
0 0 0 2233 2362 2496 2111 2687 2161 2472 2384 685 2123 180 1917 289 2345 1876 423 222 100000 2214 704 532 198 506 3313 
0 0 0 246 108 -38 184 -23 527 -200 -243 527 663 2024 655 2124 525 2061 2100 2157 2214 100000 999 1885 2339 997 2174 
0 0 0 521 788 2345 518 2416 324 2089 2104 180 2357 525 2189 419 2327 2395 889 818 704 999 100000 879 614 215 2409 
0 0 0 2071 2002 1901 1925 2133 2236 2024 1888 740 433 521 282 702 644 271 176 336 532 1885 879 100000 714 813 3219 
0 0 0 2296 2489 2700 2193 2872 2136 2625 2558 711 2382 216 2176 197 2570 2161 623 418 198 2339 614 714 100000 415 3305 
0 0 0 700 894 2461 626 2571 537 2268 2250 328 2351 332 2160 220 2400 2299 826 621 506 997 215 813 415 100000 2720 
0 0 0 1949 2109 2628 2095 2460 1970 2229 2389 2317 3121 3069 3083 3023 2806 3433 3411 3379 3313 2174 2409 3219 3305 2720 100000 
DEMAND_SECTION
1 0
2 0
3 0
4 23
5 8
6 181
7 159
8 16
9 1024
10 28
11 74
12 8
13 32
14 24
15 2
16 267
17 32
18 1063
19 246
20 189
21 274
22 44
23 236
24 10
25 320
26 174
27 7
DEPOT_SECTION
1
EOF