NAME : amtsp
TYPE : ATSP
DIMENSION : 15
EDGE_WEIGHT_TYPE : EXPLICIT
EDGE_WEIGHT_FORMAT : FULL_MATRIX
EDGE_WEIGHT_SECTION
100000 -100000 100000 100000 100000 100000 100000 100000 100000 100000 100000 100000 100000 100000 100000 
100000 100000 507 -168 -240 413 1603 1753 1916 1811 2127 2005 1963 1925 1708 
0 0 100000 325 266 271 330 552 1876 1931 2161 2187 2299 2395 2237 
0 0 325 100000 -338 433 535 758 2123 2094 2382 2328 2351 2357 2150 
0 0 266 -338 100000 282 440 608 1917 1889 2176 2125 2160 2189 1995 
0 0 271 433 282 100000 -328 -169 527 517 714 698 813 874 742 
0 0 330 535 440 -328 100000 -276 423 533 623 714 826 889 872 
0 0 552 758 608 -169 -276 100000 222 328 418 509 621 818 806 
0 0 1876 2123 1917 527 423 222 100000 -318 -301 -210 506 704 691 
0 0 1931 2094 1889 517 533 328 -318 100000 -283 -314 332 525 517 
0 0 2161 2382 2176 714 623 418 -301 -283 100000 -302 415 613 717 
0 0 2187 2328 2125 698 714 509 -210 -314 -302 100000 220 419 531 
0 0 2299 2351 2160 813 826 621 506 332 415 220 100000 -283 -164 
0 0 2395 2357 2189 874 889 818 704 525 613 419 -283 100000 -312 
0 0 2237 2150 1995 742 872 806 691 517 717 531 -164 -312 100000 
