NAME : amtsp
TYPE : ATSP
DIMENSION : 11
EDGE_WEIGHT_TYPE : EXPLICIT
EDGE_WEIGHT_FORMAT : FULL_MATRIX
EDGE_WEIGHT_SECTION
100000 -100000 100000 100000 100000 100000 100000 100000 100000 100000 100000 
100000 100000 487 -54 1242 1361 1104 440 331 301 374 
0 0 100000 1839 2197 2195 1908 549 587 319 353 
0 0 1839 100000 -254 -198 -362 210 137 399 406 
0 0 2197 -254 100000 -325 -251 453 372 642 645 
0 0 2195 -198 -325 100000 -293 419 437 693 617 
0 0 1908 -362 -251 -293 100000 215 232 483 410 
0 0 549 210 453 419 215 100000 -366 -225 -302 
0 0 587 137 372 437 232 -366 100000 -224 -222 
0 0 319 399 642 693 483 -225 -224 100000 -394 
0 0 353 406 645 617 410 -302 -222 -394 100000 
