NAME : pairopt
TYPE : ACVRP
DIMENSION : 24
EDGE_WEIGHT_TYPE : EXPLICIT
EDGE_WEIGHT_FORMAT : FULL_MATRIX
CAPACITY : 52709
VEHICLES : 2
EDGE_WEIGHT_SECTION
100000 -100000 -100000 100000 100000 100000 100000 100000 100000 100000 100000 100000 100000 100000 100000 100000 100000 100000 100000 100000 100000 100000 100000 100000 
100000 100000 1000000 2801 2675 2125 1925 2125 1596 1588 268 1594 1594 2125 1925 2125 192 2801 466 2675 2801 458 2801 183 
100000 1000000 100000 2942 2825 2254 2075 2254 1678 540 368 1675 556 2000 1775 2000 163 2942 385 2525 2661 418 2661 153 
0 0 0 100000 466 2388 689 500 2292 3042 2449 2851 3450 4110 3880 3800 3040 2200 3302 4614 4550 3399 4802 2910 
0 0 0 466 100000 689 500 689 2447 3148 2292 2455 3156 3880 3800 3880 2858 466 3254 4550 4614 3247 4614 2857 
0 0 0 2388 689 100000 466 2200 2382 2844 688 500 2300 3050 3156 3450 2187 500 2710 3880 4110 2563 3800 2375 
0 0 0 689 500 466 100000 466 688 2447 495 702 2455 3156 3050 3156 2114 702 2506 3800 3880 2501 3880 2112 
0 0 0 500 689 2200 466 100000 495 2292 698 2388 2851 3450 3156 3050 2384 2388 2576 3880 3800 2713 4110 2193 
0 0 0 2292 2447 2382 688 495 100000 499 466 2197 2389 2855 2461 2307 754 2844 813 3162 3057 918 3455 508 
0 0 0 3042 3148 2844 2447 2292 499 100000 689 2382 2197 2389 695 505 655 3442 413 2461 2307 673 2855 393 
0 0 0 2449 2292 688 495 698 466 689 100000 465 693 2461 2307 2463 434 2447 711 3057 3164 699 3162 422 
0 0 0 2851 2455 500 702 2388 2197 2382 465 100000 499 2300 2455 2851 502 2300 984 3156 3450 764 3050 746 
0 0 0 3450 3156 2300 2455 2851 2389 2197 693 499 100000 500 702 2388 382 3050 705 2455 2851 385 2300 648 
0 0 0 4110 3880 3050 3156 3450 2855 2389 2461 2300 500 100000 466 2200 772 3800 757 702 2388 510 500 982 
0 0 0 3880 3800 3156 3050 3156 2461 695 2307 2455 702 466 100000 466 699 3880 419 500 702 424 702 712 
0 0 0 3800 3880 3450 3156 3050 2307 505 2463 2851 2388 2200 466 100000 942 4110 510 702 500 806 2388 799 
0 0 0 3040 2858 2187 2114 2384 754 655 434 502 382 772 699 942 100000 2905 435 2515 2729 262 2571 267 
0 0 0 2200 466 500 702 2388 2844 3442 2447 2300 3050 3800 3880 4110 2905 100000 3400 4614 4802 3291 4550 3034 
0 0 0 3302 3254 2710 2506 2576 813 413 711 984 705 757 419 510 435 3400 100000 2114 2203 270 2370 293 
0 0 0 4614 4550 3880 3800 3880 3162 2461 3057 3156 2455 702 500 702 2515 4614 2114 100000 466 2124 466 2512 
0 0 0 4550 4614 4110 3880 3800 3057 2307 3164 3450 2851 2388 702 500 2729 4802 2203 466 100000 2387 2200 2575 
0 0 0 3399 3247 2563 2501 2713 918 673 699 764 385 510 424 806 262 3291 270 2124 2387 100000 2203 513 
0 0 0 4802 4614 3800 3880 4110 3455 2855 3162 3050 2300 500 702 2388 2571 4550 2370 466 2200 2203 100000 2721 
0 0 0 2910 2857 2375 2112 2193 508 393 422 746 648 982 712 799 267 3034 293 2512 2575 513 2721 100000 
DEMAND_SECTION
1 0
2 0
3 0
4 3966
5 3966
6 3966
7 3966
8 3966
9 3910
10 3910
11 3910
12 3966
13 3966
14 3966
15 3966
16 3966
17 740
18 3966
19 697
20 3966
21 3966
22 828
23 3966
24 750
DEPOT_SECTION
1
EOF