NAME : amtsp
TYPE : ATSP
DIMENSION : 14
EDGE_WEIGHT_TYPE : EXPLICIT
EDGE_WEIGHT_FORMAT : FULL_MATRIX
EDGE_WEIGHT_SECTION
100000 -100000 100000 100000 100000 100000 100000 100000 100000 100000 100000 100000 100000 100000 
100000 100000 540 1678 2254 2075 2254 2942 2825 2942 144 154 1114 333 
0 0 100000 499 2292 2447 2844 3442 3148 3042 394 656 1435 374 
0 0 499 100000 495 688 2382 2844 2447 2292 507 755 1683 744 
0 0 2292 495 100000 466 2200 2388 702 500 2191 2383 2725 2511 
0 0 2447 688 466 100000 466 702 500 702 2111 2112 2498 2452 
0 0 2844 2382 2200 466 100000 500 702 2388 2375 2185 2545 2674 
0 0 3442 2844 2388 702 500 100000 466 2200 3033 2903 3276 3356 
0 0 3148 2447 702 500 702 466 100000 466 2855 2856 3243 3198 
0 0 3042 2292 500 702 2388 2200 466 100000 2908 3038 3406 3239 
0 0 394 507 2191 2111 2375 3033 2855 2908 100000 -230 685 -256 
0 0 656 755 2383 2112 2185 2903 2856 3038 -230 100000 -225 -101 
0 0 1435 1683 2725 2498 2545 3276 3243 3406 685 -225 100000 144 
0 0 374 744 2511 2452 2674 3356 3198 3239 -256 -101 144 100000 
